000146
000226
000262
000308
000366
000455
000497
000685
000712
000952
000965
000992
001046
001065
001077
001216
001225
001295
001422
001475
001596
001682
001714
001716
001794
001806
001940
002017
002044
002149
002218
002219
002272
002399
002415
002452
002494
002517
002721
002745
002774
002817
002879
003004
003005
003051
003082
003260
003356
003480
003489
003530
003609
003674
003677
003681
003695
003878
003986
004004
004166
004230
004338
004377
004621
004662
004787
004836
004870
004959
005040
005041
005061
005075
005156
005162
005250
005395
005532
005631
005666
005800
005822
005885
005999
006083
006121
006361
006489
006605
006635
006682
006785
006908
007000
007018
007067
007203
007324
007386
